219
223
241
214
239
243
220
228
237
229
221
230
227
220
230
247
235
232
233
225
224
221
217
230
231
216
222
228
230
232
230
213
217
233
223
239
221
241
235
230
241
217
221
230
217
222
232
223
229
215
217
2237
235
208
245
216
222
219
220
233
217
212
235
242
240
216
229
204
224
222
229
225
235
229
216
235
225
236
230
228
213
226
220
232
230
219
216
238
224
236
218
233
224
214
226
220
223
258
234
236
219
235
235
216
202
225
233
211
214
221
211
230
235
225
220
217
170
231
234
218
231
220
222
222
232
229
228
228
232
202
232
227
218
209
233
227
231
231
236
215
218
216
233
210
237
235
236
218
213
226
218
237
237
193
223
235
248
226
228
219
221
236
227
238
231
221
228
234
212
224
235
233
210
230
216
227
233
234
231
232
222
218
221
225
259
237
230
217
236
231
224
240
247
208
225
230
198
235
233
227
215
242
230
216
243
239
213
217
217
229
223
228
238
223
230
218
237
227
221
229
228
203
229
218
216
249
227
239
239
234
253
240
227
230
216
228
233
228
223
228
224
236
228
232
226
218
225
230
226
231
238
244
236
250
217
221
253
228
228
234
221
230
224
218
242
247
233
223
196
224
231
230
197
222
218
229
223
227
239
241
221
229
232
230
224
216
228
216
216
228
238
262
229
234
221
228
238
219
224
246
217
236
226
222
220
232
229
224
210
234
231
241
217
236
243
241
209
240
221
246
219
224
238
230
201
233
227
231
215
226
219
222
236
221
228
236
236
228
216
238
227
250
237
224
226
232
220
217
223
226
226
227
243
232
191
231
254
221
225
234
227
233
225
213
212
197
223
218
219
221
222
231
227
234
235
244
228
240
233
246
231
234
235
221
229
219
220
224
240
225
209
236
235
221
210
204
238
227
251
215
220
230
227
225
255
206
233
209
235
226
238
230
227
223
224
223
224
225
226
218
215
216
241
225
224
222
228
230
236
235
229
232
235
233
261
229
219
224
220
210
225
238
222
234
224
225
233
214
227
228
207
227
223
273
225
200
236
227
211
238
233
197
232
233
231
219
212
238
215
249
227
223
222
246
223
229
223
215
251
226
232
170
226
214
217
236
234
229
220
241
243
216
235
220
232
240
237
241
206
244
227
212
223
211
226
204
252
270
218
234
216
246
220
224
212
217
223
202
233
225
212
227
217
186
226
188
214
237
234
228
246
229
236
224
215
218
233
252
226
216
216
224
224
221
231
232
213
224
222
233
224
225
230
212
227
233
244
230
232
233
227
220
221
235
226
245
213
236
224
192
234
243
233
210
249
226
236
223
226
204
228
225
245
231
229
227
222
231
244
216
225
233
221
224
234
228
220
221
229
242
233
236
211
224
221
230
210
237
254
213
229
225
238
232
232
223
235
233
231
239
198
222
232
240
250
233
212
240
223
235
228
230
230
219
231
242
225
219
227
233
219
232
204
224
216
244
241
221
214
228
230
224
235
233
223
237
223
227
231
224
225
227
262
222
207
214
237
222
233
233
215
224
227
226
224
237
246
226
201
242
236
219
226
232
214
219
232
232
230
240
256
221
235
235
222
231
226
236
234
226
228
224
237
238
214
229
213
229
231
234
214
222
226
221
228
239
212
241
222
265
234
226
217
234
214
232
219
238
223
231
211
240
222
225
225
214
229
220
228
225
228
237
249
229
216
244
224
210
252
232
231
218
222
210
226
221
240
215
221
232
229
224
203
225
226
238
223
248
233
259
215
224
219
235
231
237
211
227
228
230
227
244
219
238
222
227
232
231
225
191
209
201
226
222
217
223
214
231
227
224
223
227
239
249
254
240
240
235
257
236
232
231
226
233
221
211
226
226
218
219
230
208
234
212
235
216
241
227
237
233
262
242
235
231
245
253
284
251
249
246
245
254
266
257
255
251
221
261
254
244
237
228
233
232
238
226
222
228
195
199
245
213
236
230
224
233
241
219
228
213
204
216
211
196
210
212
216
215
230
214
187
227
210
222
215
209
209
189
210
190
210
211
214
207
210
215
207
184
217
235
227
229
231
223
218
215
229
248
244
238
248
236
241
241
246
239
251
259
241
253
257
254
227
223
251
255
247
264
268
281
267
273
265
267
279
282
304
276
283
281
275
304
280
285
266
278
293
295
301
288
285
295
305
302
313
316
317
294
313
316
322
312
326
313
298
316
324
333
345
343
341
341
350
384
364
356
365
385
381
387
381
394
397
404
408
376
402
400
412
400
413
416
408
435
451
436
440
459
453
472
464
490
469
469
498
487
485
490
500
509
530
521
523
526
528
514
534
538
559
548
553
557
569
574
574
571
587
591
602
599
591
616
624
622
647
620
636
626
645
650
661
656
673
677
676
683
714
700
713
716
718
733
736
743
747
768
754
767
774
780
787
805
795
799
816
811
834
817
824
835
834
848
840
837
849
874
884
854
884
888
877
882
903
922
915
917
930
918
930
946
945
967
955
957
964
963
969
978
975
971
971
979
1006
976
982
999
979
1003
1020
1012
993
1015
995
1008
975
1021
1023
994
1025
1024
1022
1027
1037
1026
1057
1049
1063
1071
1066
1067
1062
1063
1058
1078
1091
1078
1091
1116
1116
1113
1127
1156
1148
1140
1149
1148
1201
1162
1167
1168
1190
1178
1203
1191
1213
1228
1221
1238
1244
1263
1275
1268
1277
1290
1280
1287
1313
1336
1328
1325
1349
1336
1354
1321
1361
1379
1364
1363
1385
1377
1403
1381
1378
1367
1392
1389
1369
1383
1387
1395
1382
1389
1388
1377
1386
1385
1353
1409
1375
1400
1393
1384
1394
1365
1358
1361
1355
1369
1327
1326
1300
1299
1269
1272
1243
1215
1209
1192
1154
1163
1152
1123
1120
1083
1068
1075
1042
1024
987
988
957
937
929
897
880
863
843
819
820
800
772
760
722
727
689
692
712
683
642
662
641
628
585
612
604
576
568
568
538
537
500
505
483
525
491
455
476
457
446
444
427
429
418
429
398
382
406
391
404
387
396
362
367
385
365
353
360
352
375
340
341
348
333
319
333
320
318
307
315
301
312
290
290
291
267
290
304
275
306
311
273
272
278
277
278
278
280
257
259
278
270
248
245
267
253
255
249
256
246
264
253
230
229
237
245
245
237
270
233
219
242
251
236
194
219
224
217
228
205
194
230
223
220
218
240
193
220
213
191
209
218
196
201
204
172
193
204
191
197
190
175
200
186
184
185
167
210
178
173
185
182
200
182
169
183
196
154
179
154
183
191
185
168
174
166
179
165
167
173
169
179
208
213
217
207
214
231
219
264
251
251
249
283
258
252
262
260
256
256
258
249
246
260
262
242
236
242
247
243
239
238
246
235
234
228
257
236
241
237
237
226
227
263
232
225
255
248
238
251
242
232
270
227
243
236
230
220
250
217
219
217
230
235
220
214
236
217
240
234
212
218
220
238
226
207
233
230
234
225
234
222
235
231
222
232
229
230
216
232
240
241
216
197
225
221
219
204
216
209
217
221
226
245
201
188
229
203
228
229
224
251
241
240
245
244
226
242
235
253
238
227
229
221
223
223
257
232
235
230
214
226
219
237
230
228
252
218
229
228
224
249
224
231
242
234
226
225
231
232
226
227
221
236
238
219
227
224
229
235
207
243
224
232
204
247
210
250
236
235
220
211
248
236
237
214
243
232
230
254
226
218
238
238
235
232
232
229
230
240
226
230
194
228
216
267
243
219
234
228
233
232
223
231
223
224
236
227
223
244
234
223
238
220
223
259
213
234
230
236
221
248
227
223
217
250
233
241
222
230
228
220
222
226
260
247
227
247
231
232
245
260
224
238
233
218
224
220
246
215
225
276
242
223
240
236
251
235
217
225
226
234
218
237
244
236
237
246
225
268
263
216
241
219
244
243
229
223
225
225
228
221
237
235
225
244
224
243
226
226
214
228
238
228
220
231
233
250
248
248
250
234
213
205
232
218
239
226
260
249
215
228
225
243
240
223
225
242
227
234
236
245
239
215
216
214
226
257
242
229
233
251
223
244
233
241
215
201
233
230
220
226
186
229
226
247
245
249
229
217
233
218
243
219
222
228
232
242
250
228
237
253
244
240
218
243
199
219
248
230
237
232
236
222
216
214
217
228
208
221
222
250
241
234
254
242
235
236
254
224
181
253
230
238
231
206
225
229
213
232
205
225
225
228
219
207
234
247
242
251
226
240
228
250
225
221
212
222
224
229
225
224
218
224
190
221
241
243
220
222
225
228
236
238
238
209
236
240
253
244
221
236
217
212
239
227
257
270
237
201
219
244
206
222
199
199
226
224
225
219
244
223
205
241
225
236
234
229
237
193
245
225
229
244
256
221
235
235
219
237
226
235
234
213
227
227
228
216
232
236
238
224
229
221
206
216
241
218
228
235
238
219
224
227
246
237
238
237
250
221
224
223
232
238
225
236
225
205
240
217
220
218
220
237
226
218
219
239
243
245
238
242
253
218
238
235
243
237
253
246
220
223
227
238
227
212
224
226
233
230
215
231
231
228
212
220
237
224
248
217
244
237
258
220
220
229
244
247
239
222
240
214
230
237
221
202
256
253
193
252
229
222
232
249
209
214
215
255
225
222
236
215
209
229
221
232
223
222
226
222
193
226
235
220
241
218
242
222
242
243
254
242
246
230
206
218
225
225
240
231
240
218
189
219
233
209
233
221
199
227
223
206
232
209
233
238
236
227
222
231
237
215
259
232
266
233
239
243
247
241
219
225
213
222
236
229
224
233
224
227
230
249
235
210
212
224
231
212
239
221
220
236
237
235
229
223
235
223
250
221
241
243
222
233
257
220
220
250
227
234
248
223
245
246
246
231
226
228
204
219
219
231
242
217
230
257
240
228
228
237
230
220
232
235
239
220
244
230
246
205
225
231
213
226
209
212
246
224
238
233
223
224
228
